%YAML:1.0
---
K: !!opencv-matrix
   rows: 3
   cols: 3
   dt: d
   data: [ 7.9583655916512669e+02, 0., 6.6532633921223646e+02, 0.,
       7.9991597622640393e+02, 3.9142009039738559e+02, 0., 0., 1. ]
D: !!opencv-matrix
   rows: 1
   cols: 5
   dt: d
   data: [ 1.0557813457472758e-01, 1.0526580754799850e+00,
       4.6737646216940517e-03, 2.9071112143870346e-03,
       -6.2540648080086747e+00 ]
